1								1
2								2
3								3
5								5
6								6
7								7
8							      |	10
9								9
11								11
12								12
13								13
14								14
15								15
16								16
17							      <
18								18
19								19
20								20
21								21
56							      <
57								57
58								58
59								59
60								60
61								61
62								62
63								63
64								64
65								65
							      >	71
66								66
67								67
68								68
69								69
70								70
71							      <
72								72
73								73
74								74
75								75
76								76
77								77
78								78
79								79
80								80
81								81
82								82
83								83
84								84
85								85
86								86
87								87
88								88
89								89
